336
314
351
224
128
223
341
382
238
266
313
340
288
172
209
243
143
261
124
343
291
235
393
274
240
246
133
177
310
312
233
236
264
225
234
328
417
151
135
348
217
134
237
262
150
114
196
303
392
226
267
272
205
372
350
275
164
338
292
397
125
290
176
141
279
192
307
115
344
171
193
198
363
210
270
144
347
280
118
239
228
305
130
276
213
186
245
232
175
391
345
258
253
163
140
293
194
342
271
384
153
277
214
